version https://git-lfs.github.com/spec/v1
oid sha256:816553e8cca9587adf4b97b8819077f1443040ae75a37c6628e7958cc25bb46c
size 5773
