version https://git-lfs.github.com/spec/v1
oid sha256:e026b19b26e65650f487defca59a0978ea008ef8c4784ba42187740537e53bba
size 5759
