version https://git-lfs.github.com/spec/v1
oid sha256:f134433fd08bc2a03edbc068b618c02a84a518d300ffd1ecbf15463c8d0ccab3
size 5178
